# oST version 5.0 parameters


[image]

width
800

height
600

[stereo_right]

camera matrix
474.89673285067175 0.000000 400.5
0.000000 474.89673285067175 300.5
0.000000 0.000000 1.000000

distortion
0.0 0.0 0.0 0.0 0.0

rectification
1.0 0.0 0.0
0.0 1.0 0.0
0.0 0.0 1.0

projection
474.89673285067175 0.000000 400.5 -170.96282382624182
0.000000 474.89673285067175 300.5 0.000000
0.000000 0.000000 1.000000 0.000000
